╔══════════════════════════════════════════════════════════════╗
║                Permutation Ancestor Analysis                 ║
╚══════════════════════════════════════════════════════════════╝
  Rank  |      Permutation      |  Tree  |      Parent       
════════╪═══════════════════════╪════════╪═══════════════════
     0  │  1 2 3 4 5 6 7 8 9 10 │  1      │  2 1 3 4 5 6 7 8 9 10 
  0     │  1 2 3 4 5 6 7 8 9 10 │  2      │  1 3 4 2 5 6 7 8 9 10 
  0     │  1 2 3 4 5 6 7 8 9 10 │  3      │  1 2 4 3 5 6 7 8 9 10 
  0     │  1 2 3 4 5 6 7 8 9 10 │  4      │  1 2 3 5 4 6 7 8 9 10 
  0     │  1 2 3 4 5 6 7 8 9 10 │  5      │  1 2 3 4 6 5 7 8 9 10 
  0     │  1 2 3 4 5 6 7 8 9 10 │  6      │  1 2 3 4 5 7 6 8 9 10 
  0     │  1 2 3 4 5 6 7 8 9 10 │  7      │  1 2 3 4 5 6 8 7 9 10 
  0     │  1 2 3 4 5 6 7 8 9 10 │  8      │  1 2 3 4 5 6 7 9 8 10 
  0     │  1 2 3 4 5 6 7 8 9 10 │  9      │  1 2 3 4 5 6 7 8 10 9 
  0     │  1 2 3 4 5 6 7 8 10 9 │  1      │  2 1 3 4 5 6 7 8 9 10 
  0     │  1 2 3 4 5 6 7 8 10 9 │  2      │  1 3 2 4 5 6 7 8 9 10 
  0     │  1 2 3 4 5 6 7 8 10 9 │  3      │  1 2 4 3 5 6 7 8 9 10 
  0     │  1 2 3 4 5 6 7 8 10 9 │  4      │  1 2 3 5 4 6 7 8 9 10 
  0     │  1 2 3 4 5 6 7 8 10 9 │  5      │  1 2 3 4 6 5 7 8 9 10 
  0     │  1 2 3 4 5 6 7 8 10 9 │  6      │  1 2 3 4 5 7 6 8 9 10 
  0     │  1 2 3 4 5 6 7 8 10 9 │  7      │  1 2 3 4 5 6 8 7 9 10 
  0     │  1 2 3 4 5 6 7 8 10 9 │  8      │  1 2 3 4 5 6 7 9 8 10 
  0     │  1 2 3 4 5 6 7 8 10 9 │  9      │  1 2 3 4 5 6 7 8 9 10 
  0     │  1 2 3 4 5 6 7 9 8 10 │  1      │  2 1 3 4 5 6 7 9 8 10 
  0     │  1 2 3 4 5 6 7 9 8 10 │  2      │  1 3 4 2 5 6 7 9 8 10 
  0     │  1 2 3 4 5 6 7 9 8 10 │  3      │  1 2 4 3 5 6 7 9 8 10 
  0     │  1 2 3 4 5 6 7 9 8 10 │  4      │  1 2 3 5 4 6 7 9 8 10 
  0     │  1 2 3 4 5 6 7 9 8 10 │  5      │  1 2 3 4 6 5 7 9 8 10 
  0     │  1 2 3 4 5 6 7 9 8 10 │  6      │  1 2 3 4 5 7 6 9 8 10 
  0     │  1 2 3 4 5 6 7 9 8 10 │  7      │  1 2 3 4 5 6 9 7 8 10 
  0     │  1 2 3 4 5 6 7 9 8 10 │  8      │  1 2 3 4 5 6 7 9 10 8 
  0     │  1 2 3 4 5 6 7 9 8 10 │  9      │  1 2 3 4 5 6 7 9 10 8 
  0     │  1 2 3 4 5 6 7 9 10 8 │  1      │  2 1 3 4 5 6 7 9 10 8 
  0     │  1 2 3 4 5 6 7 9 10 8 │  2      │  1 3 2 4 5 6 7 9 10 8 
  0     │  1 2 3 4 5 6 7 9 10 8 │  3      │  1 2 4 3 5 6 7 9 10 8 
  0     │  1 2 3 4 5 6 7 9 10 8 │  4      │  1 2 3 5 4 6 7 9 10 8 
  0     │  1 2 3 4 5 6 7 9 10 8 │  5      │  1 2 3 4 6 5 7 9 10 8 
  0     │  1 2 3 4 5 6 7 9 10 8 │  6      │  1 2 3 4 5 7 6 9 10 8 
  0     │  1 2 3 4 5 6 7 9 10 8 │  7      │  1 2 3 4 5 6 9 7 10 8 
  0     │  1 2 3 4 5 6 7 9 10 8 │  8      │  1 2 3 4 5 6 7 9 8 10 
  0     │  1 2 3 4 5 6 7 9 10 8 │  9      │  1 2 3 4 5 6 7 10 9 8 
  0     │  1 2 3 4 5 6 7 10 8 9 │  1      │  2 1 3 4 5 6 7 10 8 9 
  0     │  1 2 3 4 5 6 7 10 8 9 │  2      │  1 3 2 4 5 6 7 10 8 9 
  0     │  1 2 3 4 5 6 7 10 8 9 │  3      │  1 2 4 3 5 6 7 10 8 9 
  0     │  1 2 3 4 5 6 7 10 8 9 │  4      │  1 2 3 5 4 6 7 10 8 9 
  0     │  1 2 3 4 5 6 7 10 8 9 │  5      │  1 2 3 4 6 5 7 10 8 9 
  0     │  1 2 3 4 5 6 7 10 8 9 │  6      │  1 2 3 4 5 7 6 10 8 9 
  0     │  1 2 3 4 5 6 7 10 8 9 │  7      │  1 2 3 4 5 6 10 7 8 9 
  0     │  1 2 3 4 5 6 7 10 8 9 │  8      │  1 2 3 4 5 6 7 10 9 8 
  0     │  1 2 3 4 5 6 7 10 8 9 │  9      │  1 2 3 4 5 6 7 8 10 9 
  0     │  1 2 3 4 5 6 7 10 9 8 │  1      │  2 1 3 4 5 6 7 10 9 8 
  0     │  1 2 3 4 5 6 7 10 9 8 │  2      │  1 3 2 4 5 6 7 10 9 8 
  0     │  1 2 3 4 5 6 7 10 9 8 │  3      │  1 2 4 3 5 6 7 10 9 8 
  0     │  1 2 3 4 5 6 7 10 9 8 │  4      │  1 2 3 5 4 6 7 10 9 8 
  0     │  1 2 3 4 5 6 7 10 9 8 │  5      │  1 2 3 4 6 5 7 10 9 8 
  0     │  1 2 3 4 5 6 7 10 9 8 │  6      │  1 2 3 4 5 7 6 10 9 8 
  0     │  1 2 3 4 5 6 7 10 9 8 │  7      │  1 2 3 4 5 6 10 7 9 8 
  0     │  1 2 3 4 5 6 7 10 9 8 │  8      │  1 2 3 4 5 6 7 9 10 8 
  0     │  1 2 3 4 5 6 7 10 9 8 │  9      │  1 2 3 4 5 6 7 10 8 9 
  0     │  1 2 3 4 5 6 8 7 9 10 │  1      │  1 2 3 4 5 6 8 9 7 10 
  0     │  1 2 3 4 5 6 8 7 9 10 │  2      │  1 3 4 2 5 6 8 7 9 10 
  0     │  1 2 3 4 5 6 8 7 9 10 │  3      │  1 2 3 4 5 6 8 9 7 10 
  0     │  1 2 3 4 5 6 8 7 9 10 │  4      │  1 2 3 4 5 6 8 9 7 10 
  0     │  1 2 3 4 5 6 8 7 9 10 │  5      │  1 2 3 4 5 6 8 9 7 10 
  0     │  1 2 3 4 5 6 8 7 9 10 │  6      │  1 2 3 4 5 6 8 9 7 10 
  0     │  1 2 3 4 5 6 8 7 9 10 │  7      │  1 2 3 4 5 6 8 9 7 10 
  0     │  1 2 3 4 5 6 8 7 9 10 │  8      │  1 2 3 4 5 6 8 9 7 10 
  0     │  1 2 3 4 5 6 8 7 9 10 │  9      │  1 2 3 4 5 6 8 7 10 9 
  0     │  1 2 3 4 5 6 8 7 10 9 │  1      │  1 2 3 4 5 6 8 7 9 10 
  0     │  1 2 3 4 5 6 8 7 10 9 │  2      │  2 1 3 4 5 6 8 7 10 9 
  0     │  1 2 3 4 5 6 8 7 10 9 │  3      │  1 3 2 4 5 6 8 7 10 9 
  0     │  1 2 3 4 5 6 8 7 10 9 │  4      │  1 2 4 3 5 6 8 7 10 9 
  0     │  1 2 3 4 5 6 8 7 10 9 │  5      │  1 2 3 5 4 6 8 7 10 9 
  0     │  1 2 3 4 5 6 8 7 10 9 │  6      │  1 2 3 4 6 5 8 7 10 9 
  0     │  1 2 3 4 5 6 8 7 10 9 │  7      │  1 2 3 4 5 8 6 7 10 9 
  0     │  1 2 3 4 5 6 8 7 10 9 │  8      │  1 2 3 4 5 6 8 10 7 9 
  0     │  1 2 3 4 5 6 8 7 10 9 │  9      │  1 2 3 4 5 6 7 8 10 9 
  0     │  1 2 3 4 5 6 8 9 7 10 │  1      │  2 1 3 4 5 6 8 9 7 10 
  0     │  1 2 3 4 5 6 8 9 7 10 │  2      │  1 3 4 2 5 6 8 9 7 10 
  0     │  1 2 3 4 5 6 8 9 7 10 │  3      │  1 2 4 3 5 6 8 9 7 10 
  0     │  1 2 3 4 5 6 8 9 7 10 │  4      │  1 2 3 5 4 6 8 9 7 10 
  0     │  1 2 3 4 5 6 8 9 7 10 │  5      │  1 2 3 4 6 5 8 9 7 10 
  0     │  1 2 3 4 5 6 8 9 7 10 │  6      │  1 2 3 4 5 8 6 9 7 10 
  0     │  1 2 3 4 5 6 8 9 7 10 │  7      │  1 2 3 4 5 6 8 9 10 7 
  0     │  1 2 3 4 5 6 8 9 7 10 │  8      │  1 2 3 4 5 6 9 8 7 10 
  0     │  1 2 3 4 5 6 8 9 7 10 │  9      │  1 2 3 4 5 6 8 9 10 7 
  0     │  1 2 3 4 5 6 8 9 10 7 │  1      │  2 1 3 4 5 6 8 9 10 7 
  0     │  1 2 3 4 5 6 8 9 10 7 │  2      │  1 3 2 4 5 6 8 9 10 7 
  0     │  1 2 3 4 5 6 8 9 10 7 │  3      │  1 2 4 3 5 6 8 9 10 7 
  0     │  1 2 3 4 5 6 8 9 10 7 │  4      │  1 2 3 5 4 6 8 9 10 7 
  0     │  1 2 3 4 5 6 8 9 10 7 │  5      │  1 2 3 4 6 5 8 9 10 7 
  0     │  1 2 3 4 5 6 8 9 10 7 │  6      │  1 2 3 4 5 8 6 9 10 7 
  0     │  1 2 3 4 5 6 8 9 10 7 │  7      │  1 2 3 4 5 6 8 9 7 10 
  0     │  1 2 3 4 5 6 8 9 10 7 │  8      │  1 2 3 4 5 6 9 8 10 7 
  0     │  1 2 3 4 5 6 8 9 10 7 │  9      │  1 2 3 4 5 6 8 10 9 7 
  0     │  1 2 3 4 5 6 8 10 7 9 │  1      │  2 1 3 4 5 6 8 10 7 9 
  0     │  1 2 3 4 5 6 8 10 7 9 │  2      │  1 3 2 4 5 6 8 10 7 9 
  0     │  1 2 3 4 5 6 8 10 7 9 │  3      │  1 2 4 3 5 6 8 10 7 9 
  0     │  1 2 3 4 5 6 8 10 7 9 │  4      │  1 2 3 5 4 6 8 10 7 9 
  0     │  1 2 3 4 5 6 8 10 7 9 │  5      │  1 2 3 4 6 5 8 10 7 9 
  0     │  1 2 3 4 5 6 8 10 7 9 │  6      │  1 2 3 4 5 8 6 10 7 9 
  0     │  1 2 3 4 5 6 8 10 7 9 │  7      │  1 2 3 4 5 6 8 10 9 7 
  0     │  1 2 3 4 5 6 8 10 7 9 │  8      │  1 2 3 4 5 6 10 8 7 9 
  0     │  1 2 3 4 5 6 8 10 7 9 │  9      │  1 2 3 4 5 6 8 7 10 9 
  0     │  1 2 3 4 5 6 8 10 9 7 │  1      │  2 1 3 4 5 6 8 10 9 7 
  0     │  1 2 3 4 5 6 8 10 9 7 │  2      │  1 3 2 4 5 6 8 10 9 7 
  0     │  1 2 3 4 5 6 8 10 9 7 │  3      │  1 2 4 3 5 6 8 10 9 7 
  0     │  1 2 3 4 5 6 8 10 9 7 │  4      │  1 2 3 5 4 6 8 10 9 7 
  0     │  1 2 3 4 5 6 8 10 9 7 │  5      │  1 2 3 4 6 5 8 10 9 7 
  0     │  1 2 3 4 5 6 8 10 9 7 │  6      │  1 2 3 4 5 8 6 10 9 7 
  0     │  1 2 3 4 5 6 8 10 9 7 │  7      │  1 2 3 4 5 6 8 9 10 7 
  0     │  1 2 3 4 5 6 8 10 9 7 │  8      │  1 2 3 4 5 6 10 8 9 7 
  0     │  1 2 3 4 5 6 8 10 9 7 │  9      │  1 2 3 4 5 6 8 10 7 9 
  0     │  1 2 3 4 5 6 9 7 8 10 │  1      │  2 1 3 4 5 6 9 7 8 10 
  0     │  1 2 3 4 5 6 9 7 8 10 │  2      │  1 3 4 2 5 6 9 7 8 10 
  0     │  1 2 3 4 5 6 9 7 8 10 │  3      │  1 2 4 3 5 6 9 7 8 10 
  0     │  1 2 3 4 5 6 9 7 8 10 │  4      │  1 2 3 5 4 6 9 7 8 10 
  0     │  1 2 3 4 5 6 9 7 8 10 │  5      │  1 2 3 4 6 5 9 7 8 10 
  0     │  1 2 3 4 5 6 9 7 8 10 │  6      │  1 2 3 4 5 9 6 7 8 10 
  0     │  1 2 3 4 5 6 9 7 8 10 │  7      │  1 2 3 4 5 6 9 8 7 10 
  0     │  1 2 3 4 5 6 9 7 8 10 │  8      │  1 2 3 4 5 6 9 7 10 8 
  0     │  1 2 3 4 5 6 9 7 8 10 │  9      │  1 2 3 4 5 6 9 7 10 8 
  0     │  1 2 3 4 5 6 9 7 10 8 │  1      │  2 1 3 4 5 6 9 7 10 8 
  0     │  1 2 3 4 5 6 9 7 10 8 │  2      │  1 3 2 4 5 6 9 7 10 8 
  0     │  1 2 3 4 5 6 9 7 10 8 │  3      │  1 2 4 3 5 6 9 7 10 8 
  0     │  1 2 3 4 5 6 9 7 10 8 │  4      │  1 2 3 5 4 6 9 7 10 8 
  0     │  1 2 3 4 5 6 9 7 10 8 │  5      │  1 2 3 4 6 5 9 7 10 8 
  0     │  1 2 3 4 5 6 9 7 10 8 │  6      │  1 2 3 4 5 9 6 7 10 8 
  0     │  1 2 3 4 5 6 9 7 10 8 │  7      │  1 2 3 4 5 6 9 10 7 8 
  0     │  1 2 3 4 5 6 9 7 10 8 │  8      │  1 2 3 4 5 6 9 7 8 10 
  0     │  1 2 3 4 5 6 9 7 10 8 │  9      │  1 2 3 4 5 6 7 9 10 8 
  0     │  1 2 3 4 5 6 9 8 7 10 │  1      │  2 1 3 4 5 6 9 8 7 10 
  0     │  1 2 3 4 5 6 9 8 7 10 │  2      │  1 3 4 2 5 6 9 8 7 10 
  0     │  1 2 3 4 5 6 9 8 7 10 │  3      │  1 2 4 3 5 6 9 8 7 10 
  0     │  1 2 3 4 5 6 9 8 7 10 │  4      │  1 2 3 5 4 6 9 8 7 10 
  0     │  1 2 3 4 5 6 9 8 7 10 │  5      │  1 2 3 4 6 5 9 8 7 10 
  0     │  1 2 3 4 5 6 9 8 7 10 │  6      │  1 2 3 4 5 9 6 8 7 10 
  0     │  1 2 3 4 5 6 9 8 7 10 │  7      │  1 2 3 4 5 6 9 8 10 7 
  0     │  1 2 3 4 5 6 9 8 7 10 │  8      │  1 2 3 4 5 6 9 7 8 10 
  0     │  1 2 3 4 5 6 9 8 7 10 │  9      │  1 2 3 4 5 6 9 8 10 7 
  0     │  1 2 3 4 5 6 9 8 10 7 │  1      │  2 1 3 4 5 6 9 8 10 7 
  0     │  1 2 3 4 5 6 9 8 10 7 │  2      │  1 3 2 4 5 6 9 8 10 7 
  0     │  1 2 3 4 5 6 9 8 10 7 │  3      │  1 2 4 3 5 6 9 8 10 7 
  0     │  1 2 3 4 5 6 9 8 10 7 │  4      │  1 2 3 5 4 6 9 8 10 7 
  0     │  1 2 3 4 5 6 9 8 10 7 │  5      │  1 2 3 4 6 5 9 8 10 7 
  0     │  1 2 3 4 5 6 9 8 10 7 │  6      │  1 2 3 4 5 9 6 8 10 7 
  0     │  1 2 3 4 5 6 9 8 10 7 │  7      │  1 2 3 4 5 6 9 8 7 10 
  0     │  1 2 3 4 5 6 9 8 10 7 │  8      │  1 2 3 4 5 6 9 10 8 7 
  0     │  1 2 3 4 5 6 9 8 10 7 │  9      │  1 2 3 4 5 6 8 9 10 7 
  0     │  1 2 3 4 5 6 9 10 7 8 │  1      │  2 1 3 4 5 6 9 10 7 8 
  0     │  1 2 3 4 5 6 9 10 7 8 │  2      │  1 3 2 4 5 6 9 10 7 8 
  0     │  1 2 3 4 5 6 9 10 7 8 │  3      │  1 2 4 3 5 6 9 10 7 8 
  0     │  1 2 3 4 5 6 9 10 7 8 │  4      │  1 2 3 5 4 6 9 10 7 8 
  0     │  1 2 3 4 5 6 9 10 7 8 │  5      │  1 2 3 4 6 5 9 10 7 8 
  0     │  1 2 3 4 5 6 9 10 7 8 │  6      │  1 2 3 4 5 9 6 10 7 8 
  0     │  1 2 3 4 5 6 9 10 7 8 │  7      │  1 2 3 4 5 6 9 10 8 7 
  0     │  1 2 3 4 5 6 9 10 7 8 │  8      │  1 2 3 4 5 6 9 7 10 8 
  0     │  1 2 3 4 5 6 9 10 7 8 │  9      │  1 2 3 4 5 6 10 9 7 8 
  0     │  1 2 3 4 5 6 9 10 8 7 │  1      │  2 1 3 4 5 6 9 10 8 7 
  0     │  1 2 3 4 5 6 9 10 8 7 │  2      │  1 3 2 4 5 6 9 10 8 7 
  0     │  1 2 3 4 5 6 9 10 8 7 │  3      │  1 2 4 3 5 6 9 10 8 7 
  0     │  1 2 3 4 5 6 9 10 8 7 │  4      │  1 2 3 5 4 6 9 10 8 7 
  0     │  1 2 3 4 5 6 9 10 8 7 │  5      │  1 2 3 4 6 5 9 10 8 7 
  0     │  1 2 3 4 5 6 9 10 8 7 │  6      │  1 2 3 4 5 9 6 10 8 7 
  0     │  1 2 3 4 5 6 9 10 8 7 │  7      │  1 2 3 4 5 6 9 8 10 7 
  0     │  1 2 3 4 5 6 9 10 8 7 │  8      │  1 2 3 4 5 6 9 10 7 8 
  0     │  1 2 3 4 5 6 9 10 8 7 │  9      │  1 2 3 4 5 6 10 9 8 7 
  0     │  1 2 3 4 5 6 10 7 8 9 │  1      │  2 1 3 4 5 6 10 7 8 9 
  0     │  1 2 3 4 5 6 10 7 8 9 │  2      │  1 3 2 4 5 6 10 7 8 9 
  0     │  1 2 3 4 5 6 10 7 8 9 │  3      │  1 2 4 3 5 6 10 7 8 9 
  0     │  1 2 3 4 5 6 10 7 8 9 │  4      │  1 2 3 5 4 6 10 7 8 9 
  0     │  1 2 3 4 5 6 10 7 8 9 │  5      │  1 2 3 4 6 5 10 7 8 9 
  0     │  1 2 3 4 5 6 10 7 8 9 │  6      │  1 2 3 4 5 10 6 7 8 9 
  0     │  1 2 3 4 5 6 10 7 8 9 │  7      │  1 2 3 4 5 6 10 8 7 9 
  0     │  1 2 3 4 5 6 10 7 8 9 │  8      │  1 2 3 4 5 6 10 7 9 8 
  0     │  1 2 3 4 5 6 10 7 8 9 │  9      │  1 2 3 4 5 6 7 10 8 9 
  0     │  1 2 3 4 5 6 10 7 9 8 │  1      │  2 1 3 4 5 6 10 7 9 8 
  0     │  1 2 3 4 5 6 10 7 9 8 │  2      │  1 3 2 4 5 6 10 7 9 8 
  0     │  1 2 3 4 5 6 10 7 9 8 │  3      │  1 2 4 3 5 6 10 7 9 8 
  0     │  1 2 3 4 5 6 10 7 9 8 │  4      │  1 2 3 5 4 6 10 7 9 8 
  0     │  1 2 3 4 5 6 10 7 9 8 │  5      │  1 2 3 4 6 5 10 7 9 8 
  0     │  1 2 3 4 5 6 10 7 9 8 │  6      │  1 2 3 4 5 10 6 7 9 8 
  0     │  1 2 3 4 5 6 10 7 9 8 │  7      │  1 2 3 4 5 6 10 9 7 8 
  0     │  1 2 3 4 5 6 10 7 9 8 │  8      │  1 2 3 4 5 6 7 10 9 8 
  0     │  1 2 3 4 5 6 10 7 9 8 │  9      │  1 2 3 4 5 6 10 7 8 9 
  0     │  1 2 3 4 5 6 10 8 7 9 │  1      │  2 1 3 4 5 6 10 8 7 9 
  0     │  1 2 3 4 5 6 10 8 7 9 │  2      │  1 3 2 4 5 6 10 8 7 9 
  0     │  1 2 3 4 5 6 10 8 7 9 │  3      │  1 2 4 3 5 6 10 8 7 9 
  0     │  1 2 3 4 5 6 10 8 7 9 │  4      │  1 2 3 5 4 6 10 8 7 9 
  0     │  1 2 3 4 5 6 10 8 7 9 │  5      │  1 2 3 4 6 5 10 8 7 9 
  0     │  1 2 3 4 5 6 10 8 7 9 │  6      │  1 2 3 4 5 10 6 8 7 9 
  0     │  1 2 3 4 5 6 10 8 7 9 │  7      │  1 2 3 4 5 6 10 8 9 7 
  0     │  1 2 3 4 5 6 10 8 7 9 │  8      │  1 2 3 4 5 6 10 7 8 9 
  0     │  1 2 3 4 5 6 10 8 7 9 │  9      │  1 2 3 4 5 6 8 10 7 9 
  0     │  1 2 3 4 5 6 10 8 9 7 │  1      │  2 1 3 4 5 6 10 8 9 7 
  0     │  1 2 3 4 5 6 10 8 9 7 │  2      │  1 3 2 4 5 6 10 8 9 7 
  0     │  1 2 3 4 5 6 10 8 9 7 │  3      │  1 2 4 3 5 6 10 8 9 7 
  0     │  1 2 3 4 5 6 10 8 9 7 │  4      │  1 2 3 5 4 6 10 8 9 7 
  0     │  1 2 3 4 5 6 10 8 9 7 │  5      │  1 2 3 4 6 5 10 8 9 7 
  0     │  1 2 3 4 5 6 10 8 9 7 │  6      │  1 2 3 4 5 10 6 8 9 7 
  0     │  1 2 3 4 5 6 10 8 9 7 │  7      │  1 2 3 4 5 6 8 10 9 7 
  0     │  1 2 3 4 5 6 10 8 9 7 │  8      │  1 2 3 4 5 6 10 9 8 7 
  0     │  1 2 3 4 5 6 10 8 9 7 │  9      │  1 2 3 4 5 6 10 8 7 9 
  0     │  1 2 3 4 5 6 10 9 7 8 │  1      │  2 1 3 4 5 6 10 9 7 8 
  0     │  1 2 3 4 5 6 10 9 7 8 │  2      │  1 3 2 4 5 6 10 9 7 8 
  0     │  1 2 3 4 5 6 10 9 7 8 │  3      │  1 2 4 3 5 6 10 9 7 8 
  0     │  1 2 3 4 5 6 10 9 7 8 │  4      │  1 2 3 5 4 6 10 9 7 8 
  0     │  1 2 3 4 5 6 10 9 7 8 │  5      │  1 2 3 4 6 5 10 9 7 8 
  0     │  1 2 3 4 5 6 10 9 7 8 │  6      │  1 2 3 4 5 10 6 9 7 8 
  0     │  1 2 3 4 5 6 10 9 7 8 │  7      │  1 2 3 4 5 6 10 9 8 7 
  0     │  1 2 3 4 5 6 10 9 7 8 │  8      │  1 2 3 4 5 6 9 10 7 8 
  0     │  1 2 3 4 5 6 10 9 7 8 │  9      │  1 2 3 4 5 6 10 7 9 8 
  0     │  1 2 3 4 5 6 10 9 8 7 │  1      │  2 1 3 4 5 6 10 9 8 7 
  0     │  1 2 3 4 5 6 10 9 8 7 │  2      │  1 3 2 4 5 6 10 9 8 7 
  0     │  1 2 3 4 5 6 10 9 8 7 │  3      │  1 2 4 3 5 6 10 9 8 7 
  0     │  1 2 3 4 5 6 10 9 8 7 │  4      │  1 2 3 5 4 6 10 9 8 7 
  0     │  1 2 3 4 5 6 10 9 8 7 │  5      │  1 2 3 4 6 5 10 9 8 7 
  0     │  1 2 3 4 5 6 10 9 8 7 │  6      │  1 2 3 4 5 10 6 9 8 7 
  0     │  1 2 3 4 5 6 10 9 8 7 │  7      │  1 2 3 4 5 6 9 10 8 7 
  0     │  1 2 3 4 5 6 10 9 8 7 │  8      │  1 2 3 4 5 6 10 9 7 8 
  0     │  1 2 3 4 5 6 10 9 8 7 │  9      │  1 2 3 4 5 6 10 8 9 7 
  0     │  1 2 3 4 5 7 6 8 9 10 │  1      │  1 2 3 4 5 7 8 6 9 10 
  0     │  1 2 3 4 5 7 6 8 9 10 │  2      │  1 3 4 2 5 7 6 8 9 10 
  0     │  1 2 3 4 5 7 6 8 9 10 │  3      │  1 2 3 4 5 7 8 6 9 10 
  0     │  1 2 3 4 5 7 6 8 9 10 │  4      │  1 2 3 4 5 7 8 6 9 10 
  0     │  1 2 3 4 5 7 6 8 9 10 │  5      │  1 2 3 4 5 7 8 6 9 10 
  0     │  1 2 3 4 5 7 6 8 9 10 │  6      │  1 2 3 4 5 7 8 6 9 10 
  0     │  1 2 3 4 5 7 6 8 9 10 │  7      │  1 2 3 4 5 7 8 6 9 10 
  0     │  1 2 3 4 5 7 6 8 9 10 │  8      │  1 2 3 4 5 7 8 6 9 10 
  0     │  1 2 3 4 5 7 6 8 9 10 │  9      │  1 2 3 4 5 7 6 8 10 9 
  0     │  1 2 3 4 5 7 6 8 10 9 │  1      │  1 2 3 4 5 7 6 8 9 10 
  0     │  1 2 3 4 5 7 6 8 10 9 │  2      │  2 1 3 4 5 7 6 8 10 9 
  0     │  1 2 3 4 5 7 6 8 10 9 │  3      │  1 3 2 4 5 7 6 8 10 9 
  0     │  1 2 3 4 5 7 6 8 10 9 │  4      │  1 2 4 3 5 7 6 8 10 9 
  0     │  1 2 3 4 5 7 6 8 10 9 │  5      │  1 2 3 5 4 7 6 8 10 9 
  0     │  1 2 3 4 5 7 6 8 10 9 │  6      │  1 2 3 4 7 5 6 8 10 9 
  0     │  1 2 3 4 5 7 6 8 10 9 │  7      │  1 2 3 4 5 7 8 6 10 9 
  0     │  1 2 3 4 5 7 6 8 10 9 │  8      │  1 2 3 4 5 6 7 8 10 9 
  0     │  1 2 3 4 5 7 6 8 10 9 │  9      │  1 2 3 4 5 7 6 10 8 9 
  0     │  1 2 3 4 5 7 6 9 8 10 │  1      │  2 1 3 4 5 7 6 9 8 10 
  0     │  1 2 3 4 5 7 6 9 8 10 │  2      │  1 3 4 2 5 7 6 9 8 10 
  0     │  1 2 3 4 5 7 6 9 8 10 │  3      │  1 2 4 3 5 7 6 9 8 10 
  0     │  1 2 3 4 5 7 6 9 8 10 │  4      │  1 2 3 5 4 7 6 9 8 10 
  0     │  1 2 3 4 5 7 6 9 8 10 │  5      │  1 2 3 4 7 5 6 9 8 10 
  0     │  1 2 3 4 5 7 6 9 8 10 │  6      │  1 2 3 4 5 7 9 6 8 10 
  0     │  1 2 3 4 5 7 6 9 8 10 │  7      │  1 2 3 4 5 6 7 9 8 10 
  0     │  1 2 3 4 5 7 6 9 8 10 │  8      │  1 2 3 4 5 7 6 9 10 8 
  0     │  1 2 3 4 5 7 6 9 8 10 │  9      │  1 2 3 4 5 7 6 9 10 8 
  0     │  1 2 3 4 5 7 6 9 10 8 │  1      │  2 1 3 4 5 7 6 9 10 8 
  0     │  1 2 3 4 5 7 6 9 10 8 │  2      │  1 3 2 4 5 7 6 9 10 8 
  0     │  1 2 3 4 5 7 6 9 10 8 │  3      │  1 2 4 3 5 7 6 9 10 8 
  0     │  1 2 3 4 5 7 6 9 10 8 │  4      │  1 2 3 5 4 7 6 9 10 8 
  0     │  1 2 3 4 5 7 6 9 10 8 │  5      │  1 2 3 4 7 5 6 9 10 8 
  0     │  1 2 3 4 5 7 6 9 10 8 │  6      │  1 2 3 4 5 7 9 6 10 8 
  0     │  1 2 3 4 5 7 6 9 10 8 │  7      │  1 2 3 4 5 6 7 9 10 8 
  0     │  1 2 3 4 5 7 6 9 10 8 │  8      │  1 2 3 4 5 7 6 9 8 10 
  0     │  1 2 3 4 5 7 6 9 10 8 │  9      │  1 2 3 4 5 7 6 10 9 8 
  0     │  1 2 3 4 5 7 6 10 8 9 │  1      │  2 1 3 4 5 7 6 10 8 9 
  0     │  1 2 3 4 5 7 6 10 8 9 │  2      │  1 3 2 4 5 7 6 10 8 9 
  0     │  1 2 3 4 5 7 6 10 8 9 │  3      │  1 2 4 3 5 7 6 10 8 9 
  0     │  1 2 3 4 5 7 6 10 8 9 │  4      │  1 2 3 5 4 7 6 10 8 9 
  0     │  1 2 3 4 5 7 6 10 8 9 │  5      │  1 2 3 4 7 5 6 10 8 9 
  0     │  1 2 3 4 5 7 6 10 8 9 │  6      │  1 2 3 4 5 7 10 6 8 9 
  0     │  1 2 3 4 5 7 6 10 8 9 │  7      │  1 2 3 4 5 6 7 10 8 9 
  0     │  1 2 3 4 5 7 6 10 8 9 │  8      │  1 2 3 4 5 7 6 10 9 8 
  0     │  1 2 3 4 5 7 6 10 8 9 │  9      │  1 2 3 4 5 7 6 8 10 9 
  0     │  1 2 3 4 5 7 6 10 9 8 │  1      │  2 1 3 4 5 7 6 10 9 8 
  0     │  1 2 3 4 5 7 6 10 9 8 │  2      │  1 3 2 4 5 7 6 10 9 8 
  0     │  1 2 3 4 5 7 6 10 9 8 │  3      │  1 2 4 3 5 7 6 10 9 8 
  0     │  1 2 3 4 5 7 6 10 9 8 │  4      │  1 2 3 5 4 7 6 10 9 8 
  0     │  1 2 3 4 5 7 6 10 9 8 │  5      │  1 2 3 4 7 5 6 10 9 8 
  0     │  1 2 3 4 5 7 6 10 9 8 │  6      │  1 2 3 4 5 7 10 6 9 8 
  0     │  1 2 3 4 5 7 6 10 9 8 │  7      │  1 2 3 4 5 6 7 10 9 8 
  0     │  1 2 3 4 5 7 6 10 9 8 │  8      │  1 2 3 4 5 7 6 9 10 8 
  0     │  1 2 3 4 5 7 6 10 9 8 │  9      │  1 2 3 4 5 7 6 10 8 9 
════════╧═══════════════════════╧════════╧═══════════════════
